6.8333931588 -1.7536338960
4.8746484908 -1.5690408543
3.4368171894 -1.3844478126
3.0461375751 -1.1998547709
3.3601766172 -1.0152617292
3.9144253823 -0.8306686876
4.4970136315 -0.6460756459
4.8300536678 -0.4614826042
5.0517806615 -0.2768895625
5.1819785375 -0.0922965208
5.2256910951 0.0922965208
5.0617719292 0.2768895625
4.7151946207 0.4614826042
4.2557847779 0.6460756459
3.6692516145 0.8306686876
3.0575294251 1.0152617292
2.8019834634 1.1998547709
3.2467876913 1.3844478126
4.8010779100 1.5690408543
6.8088398530 1.7536338960
