6.3086804409 -1.7557564428
4.5273112457 -1.5709399751
3.4044356602 -1.3861235075
3.1594111904 -1.2013070398
3.4126650896 -1.0164905721
3.8027866212 -0.8316741045
4.1513422535 -0.6468576368
4.4280424407 -0.4620411692
4.5991897389 -0.2772247015
4.6550881930 -0.0924082338
4.6130116496 0.0924082338
4.4783348701 0.2772247015
4.1876574200 0.4620411692
3.7429875100 0.6468576368
3.2626271334 0.8316741045
2.8453033938 1.0164905721
2.8060601769 1.2013070398
3.3785100117 1.3861235075
4.7041133890 1.5709399751
6.5130455682 1.7557564428
