6.8351848011 -1.7615855824
4.9022033777 -1.5761555211
3.4655964782 -1.3907254598
3.2431098576 -1.2052953985
3.7506168508 -1.0198653372
4.3795119964 -0.8344352759
4.8159758372 -0.6490052146
5.1671396584 -0.4635751533
5.3975768100 -0.2781450920
5.5163404849 -0.0927150307
5.5066252841 0.0927150307
5.2297841769 0.2781450920
4.8671583220 0.4635751533
4.2634624570 0.6490052146
3.5185313667 0.8344352759
2.8918449221 1.0198653372
2.7897275234 1.2052953985
3.6572462460 1.3907254598
5.3507886440 1.5761555211
7.2121855403 1.7615855824
