6.5796000582 -1.7222329525
4.4650502085 -1.5409452733
3.3032365681 -1.3596575941
3.2162056980 -1.1783699149
3.6547985565 -0.9970822356
4.1605167656 -0.8157945564
4.5661983367 -0.6345068772
4.7700958457 -0.4532191980
4.8887042031 -0.2719315188
4.9096038243 -0.0906438396
4.8044110242 0.0906438396
4.5717648226 0.2719315188
4.2169953522 0.4532191980
3.6899604494 0.6345068772
3.0606495349 0.8157945564
2.5976984462 0.9970822356
2.5445934108 1.1783699149
3.3230115125 1.3596575941
4.8824302132 1.5409452733
6.7856965854 1.7222329525
