6.7103216651 -1.6893423928
4.6230523966 -1.5115168777
3.2826812260 -1.3336913627
3.0935927605 -1.1558658477
3.4197364456 -0.9780403327
3.8647017098 -0.8002148176
4.2153468696 -0.6223893026
4.4794551068 -0.4445637876
4.6440389400 -0.2667382725
4.7116071666 -0.0889127575
4.6277936684 0.0889127575
4.4201009277 0.2667382725
4.1031001993 0.4445637876
3.6118120974 0.6223893026
3.0106972718 0.8002148176
2.5986824750 0.9780403327
2.6116776141 1.1558658477
3.3506610559 1.3336913627
4.9071673481 1.5115168777
6.8774123710 1.6893423928
